-2.671346212442567980e-01
2.006767643783953503e-02
2.448614062340603859e-01
4.226891082030955760e-01
5.611299084232989065e-01
6.750610998037241961e-01
7.726280244588885626e-01
8.587650872141348035e-01
9.269419040735548121e-01
9.837311551222844841e-01
1.026306160579975701e+00
1.075634862164804861e+00
1.110679235827098932e+00
1.142483938578914948e+00
1.169041134066174159e+00
1.193161496221601725e+00
1.224543577961084706e+00
1.234403245353041356e+00
1.258452226535140106e+00
1.273869062182748868e+00
1.287387040461154264e+00
1.298520290735871274e+00
1.315395400502841650e+00
1.325619437273200862e+00
1.334971059951408634e+00
1.337665011001244908e+00
1.343024654079502778e+00
1.352104445668338872e+00
1.356906873015169435e+00
1.358861353560206764e+00
1.364889920499228193e+00
1.367971750029319811e+00
1.368148671135385852e+00
1.372727295256390034e+00
1.376858647419666681e+00
1.378284548377877394e+00
1.377307866742790710e+00
1.379652739842714526e+00
1.378483419936290755e+00
1.378618998095402448e+00
1.378471489595171739e+00
1.378062997620658425e+00
1.378427856000081775e+00
1.377564640058752676e+00
1.375402168148471826e+00
1.375310625655833618e+00
1.372555327412070092e+00
1.371663255330586306e+00
1.369062620733916491e+00
1.366995796395876539e+00
1.365244723795712822e+00
1.362375904470038757e+00
1.359839075674042608e+00
1.357160043230155155e+00
1.355047861218805938e+00
1.351400203663422950e+00
1.348330957598142588e+00
1.345342601789089265e+00
1.342105853081980715e+00
1.338428971517484856e+00
1.335066282427441520e+00
1.331296453864612372e+00
1.327593682587239865e+00
1.323779031603584899e+00
1.319914045338689945e+00
1.315921875933042218e+00
1.311848497119080914e+00
1.307710777526941426e+00
1.303497384474965104e+00
1.299212818215841558e+00
1.294859274487370815e+00
1.290439218845211400e+00
1.285955939696695749e+00
1.281411463966253050e+00
1.276808767414770562e+00
1.272149993314849903e+00
1.267437562569913689e+00
1.262673674484688258e+00
1.257860465376795744e+00
1.253000047005805806e+00
1.248094411926822911e+00
1.243145496295527508e+00
1.238155177182012290e+00
1.233125259332035650e+00
1.228057486431493706e+00
1.222953545827929922e+00
1.217815065141014452e+00
1.212643620964439339e+00
1.207440728602375168e+00
1.202207861784582388e+00
1.196946438435384286e+00
1.191657830558258802e+00
1.186343362072521446e+00
1.181004314387097187e+00
1.175641924190753862e+00
1.170257385342790224e+00
1.164851852590827574e+00
1.159426440178229267e+00
1.153982224468945494e+00
1.148520244822670566e+00
